2.7875700172
2.7095800172
1.76683552414
1.71818552414
1.77292819277
1.72427819277
2.26453224282
2.20126224282
1.76277374506
1.71412374506
1.52103349912
1.47969349912
1.27017918671
1.23597918671
1.27017918671
1.23597918671
1.7648046346
1.7161546346
1.260024739
1.225824739
1.52451502405
1.48317502405
1.26872855132
1.23452855132
1.26582728055
1.23162728055
1.5123296868
1.4709896868
1.52277426158
1.48143426158
1.5123296868
1.4709896868
2.01027653255
1.95435653255
2.28803253607
2.22476253607
1.5123296868
1.4709896868
