28.4676510843
27.5884510843
28.1168633114
27.2455133114
28.4676510843
27.5884510843
28.0202509947
27.1489009947
28.5579047417
27.6708547417
28.5001453169
27.6209453169
28.3100879449
27.4387379449
28.3100879449
27.4387379449
28.3376741537
27.4584741537
28.3376741537
27.4584741537
28.5651337822
27.6859337822
28.2778838393
27.4065338393
28.4676510843
27.5884510843
27.8305442581
26.9681442581
28.7873952598
27.9003452598
28.0846592059
27.2133092059
27.9880468891
27.1166968891
28.3100879449
27.4387379449
28.5906891015
27.7036391015
