28.2134756282
27.3421256282
28.1168633114
27.2455133114
28.7218265404
27.8347765404
28.2726856884
27.3934856884
28.305179921
27.425979921
28.5001453169
27.6209453169
28.5651337822
27.6859337822
28.5651337822
27.6859337822
28.0846592059
27.2133092059
27.5775393103
26.7229793103
28.8201796196
27.9331296196
28.022028129
27.159628129
28.2134756282
27.3421256282
28.0846592059
27.2133092059
28.7873952598
27.9003452598
28.5906891015
27.7036391015
27.9880468891
27.1166968891
28.0539421075
27.1915421075
28.5906891015
27.7036391015
