26.6863228915
25.8641728915
26.848217937
26.018237937
27.1946338037
26.3568238037
26.5035428328
25.6813928328
26.534006176
25.711856176
26.9712318178
26.1412518178
27.0327387582
26.2027587582
27.0327387582
26.2027587582
26.3104345713
25.4971545713
26.8174644669
25.9874844669
26.7777129208
25.9555629208
26.7472495777
25.9250995777
26.6863228915
25.8641728915
26.5644695191
25.7423195191
27.2567209982
26.4189109982
26.8174644669
25.9874844669
25.9678003566
25.1623403566
26.7777129208
25.9555629208
26.5644695191
25.7423195191
