76.4937946536
71.8506128354
75.8198405156
71.2175677884
76.2226602655
71.5794784473
74.2025636174
69.687509854
75.6854677462
71.083195019
75.8198405156
71.2175677884
75.8198405156
71.2175677884
75.8198405156
71.2175677884
76.3582274595
71.7150456414
75.0072583751
70.4513443966
73.6618367002
69.1876431518
75.8198405156
71.2175677884
76.3582274595
71.7150456414
76.0885860545
71.4863133272
76.0870930715
71.4439112533
75.8198405156
71.2175677884
76.8942255542
72.2101346451
75.4167222074
70.8144494801
75.8198405156
71.2175677884
