4.74650304234
4.48768039395
4.74650304234
4.48768039395
8.69955896123
8.21205057863
7.70701527562
7.27672437171
4.73803572084
4.47921307245
6.73794404757
6.36541861238
5.74203434745
5.42654950317
2.75684094883
2.60994217552
3.74459773022
3.54211541438
4.73803572084
4.47921307245
3.74459773022
3.54211541438
5.74203434745
5.42654950317
5.7317955748
5.41631073052
6.76196449517
6.38943905998
2.74206769123
2.59516891792
5.74203434745
5.42654950317
5.72155680215
5.40607195787
4.72110107784
4.46227842946
5.74203434745
5.42654950317
