70.7097515692
66.1279333874
68.1738461142
63.7662214807
69.44170109
64.9470774341
68.9388692844
64.4851058435
68.8104128983
64.3566494574
68.9388692844
64.4851058435
68.9388692844
64.4851058435
67.5426067983
63.1757935041
69.5713359751
65.0767123192
68.4284018885
64.0207772551
68.9388692844
64.4851058435
71.7405997827
67.11787251
69.0673256705
64.6135622297
69.44170109
64.9470774341
69.8113625136
65.2758786426
67.6687061865
63.3018928923
68.6819565121
64.2281930713
68.4250437398
63.971280299
66.9113674824
62.5853655274
