4.10369093929
69.7408366132
3.47181623729
67.693494208
4.73466143795
68.9148193696
4.74350018012
68.4167773978
4.73466143795
68.2137364564
4.11103348944
68.3848125884
4.74350018012
68.3421928426
5.36553418491
67.0353242958
4.74350018012
68.6250994159
4.75197235337
67.9480499824
4.11103348944
68.4167773978
3.49179910447
70.7630338003
3.48504854301
68.5452337839
4.10337324623
68.8395505523
2.83019037217
69.1440604608
4.7431336112
67.1928019832
3.46560331024
68.1598646255
4.70814521146
67.828367298
5.36553418491
66.4865385479
