0.311343020595
0.295213988337
4.07414548474
3.83778184838
3.44574096848
3.2473538717
3.45222271273
3.25383561596
2.19034933576
2.06649791836
2.82322620778
2.66222914033
2.1944740821
2.0706226647
3.44574096848
3.2473538717
0.311932270072
0.295803237814
4.08946597116
3.8531023348
3.45222271273
3.25383561596
0.313110769028
0.29698173677
3.45870445699
3.26031736021
2.19034933576
2.06649791836
1.55729865903
1.47017744691
4.08180572795
3.84544209159
3.43925922422
3.24087212745
2.17797509672
2.05412367932
5.33146771375
5.01863780172
