0.0271904224438
0.0266344224438
0.0272194351515
0.0266634351515
0.0276256130596
0.0270696130596
0.0273644986901
0.0268084986901
0.0273644986901
0.0268084986901
0.0273644986901
0.0268084986901
0.0273354859824
0.0267794859824
0.0273935113978
0.0268375113978
0.0273935113978
0.0268375113978
0.0273354859824
0.0267794859824
0.0273644986901
0.0268084986901
0.549830227957
0.536750227957
0.0273354859824
0.0267794859824
0.0274515368133
0.0268955368133
0.0274225241056
0.0268665241056
0.0274225241056
0.0268665241056
0.0275095622287
0.0269535622287
0.0274225241056
0.0268665241056
0.0273064732747
0.0267504732747
0.0275095622287
0.0269535622287
0.0274515368133
0.0268955368133
0.0273064732747
0.0267504732747
0.027277460567
0.026721460567
0.0274225241056
0.0268665241056
0.0273354859824
0.0267794859824
0.0273644986901
0.0268084986901
0.0273935113978
0.0268375113978
0.027480549521
0.026924549521
0.0274515368133
0.0268955368133
0.0276256130596
0.0270696130596
