21.3777895062
20.7748495062
21.9499481212
21.3307481212
21.9964543171
21.3849943171
21.7901739652
21.1787139652
21.7901739652
21.1787139652
21.7901739652
21.1787139652
21.4909390663
20.8879990663
22.0892091183
21.4700091183
21.5361988903
20.9332588903
21.7672539261
21.1557939261
21.7901739652
21.1787139652
22.0892091183
21.4700091183
22.0427887859
21.4235887859
21.8589340825
21.2474740825
21.5588288023
20.9558888023
21.8360140434
21.2245540434
21.9047741607
21.2933141607
21.8360140434
21.2245540434
22.0195786197
21.4003786197
22.182049783
21.562849783
21.8589340825
21.2474740825
21.744333887
21.132873887
21.7214138479
21.1099538479
22.1124192845
21.4932192845
22.0427887859
21.4235887859
21.7901739652
21.1787139652
21.8130940043
21.2016340043
21.8818541216
21.2703941216
22.1356294506
21.5164294506
21.7172381865
21.1142981865
