21.6526537306
21.0411937306
21.6755737697
21.0641137697
21.7172381865
21.1142981865
21.7901739652
21.1787139652
21.5135689783
20.9106289783
21.7901739652
21.1787139652
21.4909390663
20.8879990663
21.5361988903
20.9332588903
21.5361988903
20.9332588903
21.4909390663
20.8879990663
21.5135689783
20.9106289783
21.5361988903
20.9332588903
21.7672539261
21.1557939261
21.5814587144
20.9785187144
22.3888245255
21.7618845255
22.3888245255
21.7618845255
22.182049783
21.562849783
21.8360140434
21.2245540434
21.744333887
21.132873887
21.9047741607
21.2933141607
21.5814587144
20.9785187144
21.4683091543
20.8653691543
21.4456792422
20.8427392422
22.3888245255
21.7618845255
21.4909390663
20.8879990663
22.341823939
21.714883939
21.5361988903
20.9332588903
21.6040886264
21.0011486264
22.1356294506
21.5164294506
22.2748904477
21.6556904477
