19.7311841595
19.1767841595
19.7520733091
19.1976733091
20.6020536641
20.0315136641
20.4088290307
19.8382890307
19.8565190569
19.3021190569
19.8565190569
19.3021190569
19.8356299073
19.2812299073
19.8774082065
19.3230082065
20.1542133204
19.5913833204
19.8356299073
19.2812299073
20.1330340438
19.5702040438
20.1542133204
19.5913833204
20.387359627
19.816819627
19.9191865056
19.3647865056
20.4517678381
19.8812278381
20.1753925971
19.6125625971
19.9609648047
19.4065648047
20.1753925971
19.6125625971
19.8147407578
19.2603407578
20.238930427
19.676100427
20.4732372418
19.9026972418
20.0906754905
19.5278454905
20.0694962139
19.5066662139
20.7288930792
20.1498930792
20.1118547672
19.5490247672
20.4088290307
19.8382890307
19.8774082065
19.3230082065
19.9400756551
19.3856756551
19.9191865056
19.3647865056
20.3236475335
19.7608175335
