57.8161844774
54.4006663934
57.032234821
53.6571370693
55.0161190708
52.0595941441
59.2301318215
56.0244866602
57.2654139541
54.1844755377
57.2654139541
54.1844755377
58.7663857141
55.6010631335
56.4266673929
53.3860026812
60.8215270193
57.5312533145
56.5168464515
53.4761817398
58.0177693356
54.8927693356
59.6099588497
56.4043136884
57.2654139541
54.1844755377
58.1103372434
54.9853372434
58.8601480465
55.6948254659
59.4200453356
56.2144001743
57.4481609205
54.3672225041
58.0177693356
54.8927693356
60.0752506142
56.8253483659
57.9252014278
54.8002014278
57.3567874373
54.2758490209
57.1740404709
54.0931020545
58.0177693356
54.8927693356
58.7663857141
55.6010631335
58.0177693356
54.8927693356
59.1351750644
55.9295299031
57.2654139541
54.1844755377
58.4850987168
55.3197761362
57.2654139541
54.1844755377
59.5150020926
56.3093569313
