5.83418330128
5.51869845699
5.82394452863
5.50845968435
7.49458814678
7.12206271159
4.15304582148
3.95056350565
6.38707702424
6.07159217996
3.06707935837
2.92018058506
4.17313343253
3.97065111669
6.37683825159
6.06135340731
5.26300965372
5.00418700533
3.06707935837
2.92018058506
5.27994429671
5.02112164833
5.28841161821
5.02958896982
3.06707935837
2.92018058506
5.28841161821
5.02958896982
5.28841161821
5.02958896982
4.16643756218
3.96395524634
4.18652517322
3.98404285739
5.27994429671
5.02112164833
4.15974169183
3.95725937599
5.27147697521
5.01265432683
3.07200377757
2.92510500426
4.16643756218
3.96395524634
5.27994429671
5.02112164833
5.27994429671
5.02112164833
7.49458814678
7.12206271159
6.34612193365
6.03063708937
5.27994429671
5.02112164833
7.45855747539
7.0860320402
4.17313343253
3.97065111669
4.17313343253
3.97065111669
