54.2189025021
50.8640149166
54.0232716755
50.66838409
54.0200701557
50.9995422965
54.471639996
51.4108384319
51.597673452
48.7050048303
53.9316827341
50.9111548748
52.2318453191
49.2954328069
52.3178757429
49.3814632307
52.9473500495
49.9707127084
56.7187989216
53.5333150507
51.4279696024
48.5353009807
54.471639996
51.4108384319
53.7549078908
50.7343800315
54.5612059166
51.5004043525
56.6256975042
53.4402136332
52.8601411268
49.8835037857
54.6507718372
51.5899702732
54.5612059166
51.5004043525
55.006883262
51.9058079932
52.3178757429
49.3814632307
51.8522292263
48.9595606046
55.8169936046
52.6718323143
57.629228303
54.3995117829
50.9647125243
48.1122198557
54.3820740753
51.3212725113
53.5781330474
50.5576051882
55.2791165207
52.1780412519
53.5781330474
50.5576051882
50.1609834351
47.3520880294
53.6665204691
50.6459926099
