2.93957905132
53.5414342715
2.92897256072
53.3458034448
2.52093660727
53.4188971352
4.65875868387
54.1299000155
3.94148894425
51.3372628948
3.23590096404
53.6164334672
4.6507807476
51.9499782615
4.65844099081
51.993193436
4.6507807476
52.6182200398
3.23081766009
56.22070508
4.64280281133
51.1957115379
5.37549078908
54.1001834955
4.65875868387
53.417664489
3.23059771874
54.0857415959
2.50873343373
55.98860073
3.92879427294
52.5310111171
3.95499006716
54.1753075166
3.23059771874
54.148889201
3.21468798285
54.5891413266
3.94175776145
51.993193436
4.68110402738
51.5566280533
3.9358136516
55.46244815
3.24164409204
57.1873905708
5.38359639341
50.7079187804
3.21999122815
54.0106175749
3.21468798285
53.2408896457
2.51268711458
54.7973960906
3.92906309015
52.9769600269
5.37439108233
49.9385982933
2.50443762189
53.2999515541
