0.322538760671
0.306409728413
0.321360261716
0.305231229458
0.356125980901
0.339996948643
3.20505986934
3.04406280189
5.34763155154
5.07343800315
3.9318717876
3.73348469082
4.62568299588
4.38931935952
3.20505986934
3.04406280189
3.19975662404
3.03875955659
1.06748174203
1.01645534906
6.7549897168
6.40396332384
2.49145581887
2.36760440147
3.20505986934
3.04406280189
1.06748174203
1.01645534906
0.354358232468
0.33822920021
3.19445337874
3.03345631129
1.06924949046
1.0182230975
1.78121346056
1.69409224844
1.77237471839
1.68525350627
3.20505986934
3.04406280189
3.93835353185
3.73996643508
3.19975662404
3.03875955659
1.78710595534
1.69998474322
5.3564702937
5.08227674532
2.48733107253
2.36347965513
3.19445337874
3.03345631129
1.06748174203
1.01645534906
0.353179733513
0.337050701255
6.77738119695
6.42635480399
2.48733107253
2.36347965513
