0.0283799434604
0.0278239434604
0.0285830324145
0.0280270324145
0.0283509307527
0.0277949307527
0.0283509307527
0.0277949307527
0.0284089561681
0.0278529561681
0.0283799434604
0.0278239434604
0.0284379688759
0.0278819688759
0.0283509307527
0.0277949307527
0.0282929053372
0.0277369053372
0.0285540197067
0.0279980197067
0.0284959942913
0.0279399942913
0.028525006999
0.027969006999
0.0283799434604
0.0278239434604
0.0284379688759
0.0278819688759
0.028321918045
0.027765918045
0.0283509307527
0.0277949307527
0.0283509307527
0.0277949307527
0.0283799434604
0.0278239434604
0.0284669815836
0.0279109815836
0.0284669815836
0.0279109815836
0.0285540197067
0.0279980197067
0.0284089561681
0.0278529561681
0.0284959942913
0.0279399942913
0.0284089561681
0.0278529561681
0.0284669815836
0.0279109815836
0.0284089561681
0.0278529561681
0.0283799434604
0.0278239434604
0.0284959942913
0.0279399942913
0.028525006999
0.027969006999
0.0284089561681
0.0278529561681
0.0283799434604
0.0278239434604
0.0282929053372
0.0277369053372
