18.0116643801
17.5290843801
18.4281807453
17.9373007453
18.5652549892
18.0667049892
18.5652549892
18.0667049892
18.0299423859
17.5473623859
18.0116643801
17.5290843801
18.3353400805
17.8444600805
18.2796356817
17.7887556817
18.2424994158
17.7516194158
18.1213324152
17.6387524152
18.6595462893
18.1609962893
18.1030544094
17.6204744094
18.0116643801
17.5290843801
18.3353400805
17.8444600805
18.2610675488
17.7701875488
18.2796356817
17.7887556817
18.2796356817
17.7887556817
18.2982038147
17.8073238147
18.6406880293
18.1421380293
18.6406880293
18.1421380293
18.4096126123
17.9187326123
18.3167719476
17.8258919476
18.0847764035
17.6021964035
18.3167719476
17.8258919476
18.3539082135
17.8630282135
18.3167719476
17.8258919476
18.2982038147
17.8073238147
18.3724763464
17.8815963464
18.6784045494
18.1798545494
18.0299423859
17.5473623859
18.2982038147
17.8073238147
18.2424994158
17.7516194158
