16.580427207
16.137887207
16.6982188004
16.2556788004
16.278020529
15.843110529
16.5635998366
16.1210598366
16.5972545775
16.1547145775
16.2945577724
15.8596477724
16.0406225705
15.6139025705
16.278020529
15.843110529
16.2449460422
15.8100360422
16.6813914299
16.2388514299
16.360706746
15.925796746
16.3772439894
15.9423339894
16.580427207
16.137887207
16.614081948
16.171541948
16.5467724661
16.1042324661
16.278020529
15.843110529
16.278020529
15.843110529
16.2945577724
15.8596477724
16.6309093185
16.1883693185
16.6309093185
16.1883693185
16.3937812328
15.9588712328
16.3110950158
15.8761850158
16.9353566319
16.4845966319
16.3110950158
15.8761850158
16.9182391343
16.4674791343
16.5972545775
16.1547145775
16.8668866416
16.4161266416
16.647736689
16.205196689
16.9524741294
16.5017141294
16.5972545775
16.1547145775
16.2945577724
15.8596477724
16.2449460422
15.8100360422
