48.4979626222
45.9160711266
48.4979626222
45.9160711266
49.2498690194
46.6279481983
49.2498690194
46.6279481983
49.4063386442
46.7844178231
49.2498690194
46.6279481983
48.4979626222
45.9160711266
46.9910950867
44.4923169831
48.4979626222
45.9160711266
46.9910950867
44.4923169831
47.7429526081
45.2041940548
47.9704904976
45.4317319444
48.4979626222
45.9160711266
49.3281038318
46.7061830107
49.2498690194
46.6279481983
49.2498690194
46.6279481983
49.925596424
47.260396033
48.4209222344
45.8390307388
48.57500301
45.9931115143
48.4979626222
45.9160711266
49.2498690194
46.6279481983
48.57500301
45.9931115143
49.3281038318
46.7061830107
50.7569809341
48.0517023417
49.3281038318
46.7061830107
48.57500301
45.9931115143
47.8187985713
45.280040018
48.6520433977
46.0701519021
47.8946445345
45.3558859812
50.005025661
47.33982527
48.4979626222
45.9160711266
47.6671066449
45.1283480916
