4.19322104357
3.99073872774
4.19322104357
3.99073872774
3.08185261597
2.93495384266
3.08185261597
2.93495384266
3.09170145437
2.94480268105
5.30534626121
5.04652361282
4.19322104357
3.99073872774
6.41779334218
6.1023084979
4.19322104357
3.99073872774
3.08185261597
2.93495384266
3.08185261597
2.93495384266
4.21330865462
4.01082633878
6.41779334218
6.1023084979
4.19991691392
3.99743459809
3.08185261597
2.93495384266
5.30534626121
5.04652361282
4.18652517322
3.98404285739
5.29687893971
5.03805629132
5.3138135827
5.05499093432
4.19322104357
3.99073872774
1.97128884672
1.87916895757
1.97444181477
1.88232192562
5.3138135827
5.05499093432
5.30534626121
5.04652361282
5.3138135827
5.05499093432
4.19991691392
3.99743459809
1.97444181477
1.88232192562
3.09170145437
2.94480268105
4.20661278427
4.00413046843
4.19322104357
3.99073872774
5.30534626121
5.04652361282
1.96813587867
1.87601598952
