48.4027494699
45.7175099782
44.1311190453
41.6952930433
47.0313167783
44.4294106199
45.7296110285
43.2108427
46.4554778702
43.8967290921
46.5309018033
43.9721530252
45.0007138837
42.5249563079
48.5606683299
45.8754288383
45.6553655943
43.1365972658
44.2030074816
41.7671814796
44.8545800132
42.3788224375
45.0007138837
42.5249563079
47.0313167783
44.4294106199
45.0007138837
42.5249563079
44.059230609
41.623404607
45.6553655943
43.1365972658
45.6553655943
43.1365972658
46.9547143462
44.3528081878
44.9276469485
42.4518893727
46.380053937
43.8213051589
42.889907749
40.5368285701
46.380053937
43.8213051589
45.5811201601
43.0623518316
42.7508448723
40.3977656934
42.889907749
40.5368285701
47.832656429
45.1907209451
45.0007138837
42.5249563079
46.5309018033
43.9721530252
43.4754354633
41.0824735865
45.8038564626
43.2850881342
47.832656429
45.1907209451
46.5309018033
43.9721530252
