2.52850183798
47.9966888639
3.2555743558
43.853846318
3.97957295816
46.5261848135
4.71813447119
45.4062972455
3.26640078775
45.9612452211
3.27170403305
46.2368646577
3.99199881226
44.7188957019
2.53675133067
48.2102773231
3.26109754245
45.4090312834
3.2608776011
43.7349234151
3.2555743558
44.5394284981
3.2661808464
44.6855623686
3.97957295816
46.5261848135
3.2661808464
44.6855623686
4.6948360485
43.8236978622
3.98578588521
45.3905562101
3.98578588521
45.3320518113
3.97309121391
46.617959703
3.98551706801
44.6124954333
3.98578588521
45.885821288
3.99821173931
42.6649810628
3.26109754245
46.0860167914
2.53228445334
45.3163107759
3.9852482508
42.5086161333
4.72515932828
42.7082361948
3.2613174838
47.3197532032
3.2661808464
44.7188957019
3.27170403305
46.0366691543
3.9852482508
43.2642917683
5.45284005508
45.4281966386
3.2613174838
47.4907209451
3.27170403305
46.1492791249
