1.07455273576
1.0235263428
2.51620429693
2.39235287953
0.357893729335
0.341764697076
1.80183719228
1.71471598016
0.35907222829
0.342943196032
2.52857853597
2.40472711857
2.52445378962
2.40060237222
1.79889094489
1.71176973277
3.96428050887
3.7658934121
0.358482978812
0.342353946554
1.7959446975
1.70882348538
1.80183719228
1.71471598016
0.357893729335
0.341764697076
1.80183719228
1.71471598016
3.95131702036
3.75292992359
3.24218258644
3.08118551899
1.79889094489
1.71176973277
1.79299845011
1.70587723799
1.79889094489
1.71176973277
0.358482978812
0.342353946554
3.97724399738
3.77885690061
2.52032904328
2.39647762588
3.23687934114
3.07588227369
3.24218258644
3.08118551899
6.15288148569
5.84005157366
0.358482978812
0.342353946554
2.52445378962
2.40060237222
0.359661477768
0.34353244551
4.68696494157
4.4506013052
1.08162372949
1.03059733653
1.79889094489
1.71176973277
1.08162372949
1.03059733653
