0.029047235738
0.028491235738
0.0290762484457
0.0285202484457
0.0292213119844
0.0286653119844
0.0291052611535
0.0285492611535
0.0289892103226
0.0284332103226
0.0289021721994
0.0283461721994
0.0289892103226
0.0284332103226
0.0291342738612
0.0285782738612
0.0290182230303
0.0284622230303
0.0290182230303
0.0284622230303
0.0290762484457
0.0285202484457
0.0289892103226
0.0284332103226
0.0289601976149
0.0284041976149
0.0290762484457
0.0285202484457
0.029047235738
0.028491235738
0.0289892103226
0.0284332103226
0.029047235738
0.028491235738
0.0289892103226
0.0284332103226
0.0289892103226
0.0284332103226
0.0289311849071
0.0283751849071
0.0289892103226
0.0284332103226
0.0290182230303
0.0284622230303
0.029047235738
0.028491235738
0.0289601976149
0.0284041976149
0.0290762484457
0.0285202484457
0.0290182230303
0.0284622230303
0.0290182230303
0.0284622230303
0.0290182230303
0.0284622230303
0.0291052611535
0.0285492611535
0.0290182230303
0.0284622230303
0.029047235738
0.028491235738
0.0290762484457
0.0285202484457
0.029047235738
0.028491235738
0.0291342738612
0.0285782738612
