15.7962072985
15.3852672985
16.1052366452
15.6861366452
15.8902084716
15.4792684716
15.8275410229
15.4166010229
15.7648735742
15.3539335742
15.7178729877
15.3069329877
15.7648735742
15.3539335742
16.1371506237
15.7180506237
16.0733226667
15.6542226667
16.0733226667
15.6542226667
16.1052366452
15.6861366452
15.7648735742
15.3539335742
15.749206712
15.338266712
15.8118741607
15.4009341607
15.7962072985
15.3852672985
15.7648735742
15.3539335742
16.0892796559
15.6701796559
15.7648735742
15.3539335742
16.0573656774
15.6382656774
16.0254516989
15.6063516989
16.0573656774
15.6382656774
15.7805404364
15.3696004364
15.7962072985
15.3852672985
15.749206712
15.338266712
16.3980591296
15.9713391296
15.7805404364
15.3696004364
16.365564897
15.938844897
15.7805404364
15.3696004364
15.8275410229
15.4166010229
15.7805404364
15.3696004364
16.0892796559
15.6701796559
15.8118741607
15.4009341607
15.7962072985
15.3852672985
16.1371506237
15.7180506237
