15.7962072985
15.3852672985
15.8118741607
15.4009341607
16.1850215914
15.7659215914
16.1211936344
15.7020936344
16.3493177806
15.9225977806
16.0094947097
15.5903947097
15.7648735742
15.3539335742
16.1371506237
15.7180506237
16.0733226667
15.6542226667
15.7805404364
15.3696004364
15.5190616762
15.1157316762
15.7648735742
15.3539335742
16.0414086882
15.6223086882
15.8118741607
15.4009341607
15.7962072985
15.3852672985
15.7648735742
15.3539335742
15.7962072985
15.3852672985
16.0573656774
15.6382656774
15.7648735742
15.3539335742
15.7335398499
15.3225998499
16.0573656774
15.6382656774
16.0733226667
15.6542226667
15.7962072985
15.3852672985
15.749206712
15.338266712
15.8118741607
15.4009341607
15.7805404364
15.3696004364
15.4883082061
15.0849782061
15.7805404364
15.3696004364
15.8275410229
15.4166010229
15.7805404364
15.3696004364
15.7962072985
15.3852672985
15.8118741607
15.4009341607
15.7962072985
15.3852672985
15.5498151464
15.1464851464
