14.3321255116
13.9607055116
14.3463417384
13.9749217384
13.8284866326
13.4726966326
14.0670053537
13.7036453537
14.0113009548
13.6479409548
14.2610443777
13.8896243777
14.0113009548
13.6479409548
13.7875787148
13.4317887148
14.0252270545
13.6618670545
14.0252270545
13.6618670545
14.053079254
13.689719254
14.0113009548
13.6479409548
13.9973748551
13.6340148551
14.053079254
13.689719254
14.0391531543
13.6757931543
14.3036930581
13.9322730581
14.0391531543
13.6757931543
14.0113009548
13.6479409548
14.3036930581
13.9322730581
13.9834487554
13.6200887554
14.0113009548
13.6479409548
14.0252270545
13.6618670545
14.0391531543
13.6757931543
13.9973748551
13.6340148551
14.3463417384
13.9749217384
14.0252270545
13.6618670545
14.0252270545
13.6618670545
14.3179092848
13.9464892848
14.0670053537
13.7036453537
14.0252270545
13.6618670545
14.0391531543
13.6757931543
14.053079254
13.689719254
13.7466707969
13.3908807969
14.0809314534
13.7175714534
