41.8498231296
39.6417586135
42.0486948283
39.8406303122
41.9161136958
39.7080491797
43.4980940566
41.2076492864
41.2233008115
39.0576849758
42.6038739968
40.3560245344
42.6713589877
40.4235095253
41.8498231296
39.6417586135
42.6038739968
40.3560245344
40.466909971
38.3410302056
42.7388439785
40.4909945162
43.3607352257
41.0702904554
43.2920558102
41.0016110399
42.6713589877
40.4235095253
41.2233008115
39.0576849758
42.6713589877
40.4235095253
41.9161136958
39.7080491797
41.1582046699
38.9925888341
42.6713589877
40.4235095253
41.0931085283
38.9274926925
42.6038739968
40.3560245344
42.0486948283
39.8406303122
39.7706604404
37.6870827278
41.2883969532
39.1227811174
42.5363890059
40.2885395436
42.6713589877
40.4235095253
39.5198312708
37.4362535582
42.6713589877
40.4235095253
42.6038739968
40.3560245344
41.9824042621
39.774339746
41.2233008115
39.0576849758
42.8063289694
40.558479507
42.1149853946
39.9069208784
42.6713589877
40.4235095253
