4.20661278427
4.00413046843
5.3476828687
5.08886022031
5.3307482257
5.07192557731
1.98390071892
1.89178082977
6.45874843277
6.14326358849
4.20661278427
4.00413046843
1.98074775087
1.88862786172
4.20661278427
4.00413046843
5.3222809042
5.06345825582
1.98390071892
1.89178082977
0.867803930121
0.828910140092
3.09170145437
2.94480268105
4.19991691392
3.99743459809
4.21330865462
4.01082633878
3.10155029277
2.95465151945
4.21330865462
4.01082633878
1.98074775087
1.88862786172
6.44850966013
6.13302481584
5.3307482257
5.07192557731
4.20661278427
4.00413046843
3.09170145437
2.94480268105
3.10647471196
2.95957593865
4.22670039532
4.02421807948
3.10647471196
2.95957593865
4.19991691392
3.99743459809
6.44850966013
6.13302481584
3.08677703517
2.93987826185
0.866422413221
0.827528623192
1.97759478282
1.88547489367
4.22000452497
4.01752220913
3.10155029277
2.95465151945
5.3476828687
5.08886022031
6.47922597807
6.16374113379
1.98074775087
1.88862786172
