40.1036877621
37.9182038911
40.1036877621
37.9182038911
38.7677023124
36.6642810026
40.0388703196
37.8533864486
39.50180769
37.3560598894
39.3745298028
37.2287820022
38.6427814232
36.5393601133
38.6427814232
36.5393601133
38.7052418678
36.6018205579
39.4381687464
37.2924209458
38.7677023124
36.6642810026
42.2968312393
39.9864695579
40.7035908863
38.4756338971
37.9136723397
35.8499382244
39.4381687464
37.2924209458
39.3108908592
37.1651430586
36.509491535
34.5300193943
40.1036877621
37.9182038911
40.8355827693
38.6076257801
37.9136723397
35.8499382244
38.7052418678
36.6018205579
38.0362362311
35.9725021157
39.50180769
37.3560598894
40.1685052047
37.9830213337
38.7052418678
36.6018205579
38.6427814232
36.5393601133
39.4381687464
37.2924209458
37.9749542854
35.91122017
40.8355827693
38.6076257801
41.7690988496
39.4985709904
39.4381687464
37.2924209458
39.4381687464
37.2924209458
39.5654466336
37.419698833
40.8355827693
38.6076257801
