3.2812108169
39.6923974395
4.73952673552
39.8644404503
4.02306344752
38.5112506995
3.2759075716
39.627579997
2.56030235028
39.193010036
3.2812108169
39.110600184
4.73920904246
38.4666328406
3.28099087555
38.4355477966
2.55600653844
38.4980082412
2.55617760393
39.1742391276
4.75452952888
38.5112506995
2.55239498858
41.8574372999
2.54397443039
40.4271490486
3.28099087555
37.7408473153
3.2865140622
39.1293710924
4.00388703196
39.0759934985
4.74623389955
36.3482012125
3.2812108169
39.8644404503
2.55222392308
40.414077393
4.73920904246
37.7637212156
4.74686928567
38.4047531092
4.02306344752
37.8329126729
4.02333226472
39.2669103293
1.82584114567
39.9507632692
4.01658170326
38.4487902549
3.28099087555
38.3863298103
3.2865140622
39.2402215323
3.28629412085
37.7716307272
3.28143075825
40.5126111173
2.56476922761
41.4375739229
2.55617760393
39.2032713857
4.01685052047
39.1742391276
2.56442709662
39.1616343169
4.01063759342
40.5591409316
