0.360839976723
0.344710944465
2.53682802865
2.41297661125
1.81656842922
1.7294472171
0.360250727245
0.344121694987
1.08869472322
1.03766833026
1.81067593445
1.72355472232
4.71760591441
4.48124227804
3.26339556763
3.10239850018
3.26869881293
3.10770174548
1.81362218183
1.72650096971
1.81656842922
1.7294472171
0.360839976723
0.344710944465
1.80478343967
1.71766222755
4.71760591441
4.48124227804
1.08692697479
1.03590058183
2.53270328231
2.40885186491
4.72526615762
4.48890252126
2.53682802865
2.41297661125
0.360839976723
0.344710944465
6.17291596793
5.8600860559
1.08692697479
1.03590058183
3.27400205823
3.11300499078
2.54507752134
2.42122610394
3.26869881293
3.10770174548
1.81362218183
1.72650096971
1.81067593445
1.72355472232
3.99668923014
3.79830213337
3.26869881293
3.10770174548
1.08515922636
1.03413283339
1.09046247166
1.03943607869
2.540952775
2.4171013576
1.81362218183
1.72650096971
0.362607725156
0.346478692898
1.81067593445
1.72355472232
